R2D2T10Delta100Tmax450Iter0: [7.93635, 7.9439, 7.94436, 7.94436]
R2D3T10Delta125Tmax50Iter0: [2.99326, 2.99332, 2.99332, 2.99332]
R3D2T5Delta100Tmax450Iter0: [3.96373, 3.96373, 3.95784, 3.96373]
R3D2T5Delta100Tmax450Iter2: [2.95967, 2.95967, 2.93967, 2.95967]
R3D2T5Delta100Tmax450Iter6: [3.96044, 3.96044, 3.95668, 3.96044]
R3D2T5Delta100Tmax450Iter8: [2.9706, 2.9706, 2.96648, 2.9706]
R3D2T5Delta100Tmax450Iter9: [3.95887, 3.95887, 3.93887, 3.95887]
R3D2T5Delta125Tmax450Iter4: [1.95846, 1.95846, 1.93846, 1.95846]
R3D2T10Delta100Tmax450Iter0: [7.94436, 7.93635, 7.94436, 7.93802]
R3D3T5Delta125Tmax450Iter3: [4.93686, 4.93686, 4.93298, 4.93686]
R4D2T5Delta100Tmax450Iter0: [3.96373, 3.96373, 3.93784, 3.96373]
R4D2T5Delta100Tmax450Iter1: [3.96155, 3.96155, 3.95762, 3.96155]
R4D2T5Delta100Tmax450Iter2: [2.95967, 2.95967, 2.91967, 2.95967]
R4D2T5Delta100Tmax450Iter6: [3.96044, 3.96044, 3.93668, 3.96044]
R4D2T5Delta100Tmax450Iter7: [3.94674, 3.94674, 3.92674, 3.94674]
R4D2T5Delta100Tmax450Iter8: [2.9706, 2.9706, 2.94648, 2.9706]
R4D2T5Delta100Tmax450Iter9: [3.95887, 3.95887, 3.91887, 3.95887]
R4D2T5Delta125Tmax450Iter4: [1.95846, 1.95846, 1.91846, 1.95846]
R4D2T10Delta100Tmax450Iter0: [7.94016, 7.93635, 7.94436, 7.93873]
R4D2T10Delta100Tmax450Iter1: [5.95678, 5.95678, 5.95599, 5.95678]
R4D2T10Delta100Tmax450Iter3: [3.95336, 3.95336, 3.94715, 3.95336]
R4D2T10Delta100Tmax450Iter4: [3.9587, 3.9587, 3.95391, 3.9587]
R4D2T10Delta100Tmax450Iter7: [5.9467, 5.9467, 5.9267, 5.9467]
R4D2T10Delta100Tmax450Iter9: [7.94081, 7.94081, 7.93894, 7.94081]
R4D3T5Delta125Tmax450Iter3: [4.93686, 4.93686, 4.93298, 4.93686]
R4D3T10Delta100Tmax50Iter8: [3.98782, 3.98766, 3.98782, 3.98782]
